-796212608,43690,-1,-1,15,6,20,11111111111101110000
RELATIONCAT,6,15,4,4,20
ATTRIBUTECAT,6,58,5,164,20
Toys,4,1000,7,42,31
ToyColours,2,1000,43,59,61
ToysForSale,4,410,60,73,31
Stores,5,50,18,20,24
ToysToReorder,4,182,74,79,31
ToysCopy,4,1000,80,112,31
QuizMarks,5,500,113,137,24
BlueToys,2,165,120,122,61
cgpa,5,247,138,148,24
eligible,5,247,149,159,24
NULL,5,247,149,159,24
kl_eligible,2,52,163,163,61
tl_eligible,2,49,165,165,61
gj_eligible,2,43,162,162,61
NULL,2,43,162,162,61
NULL,2,43,162,162,61
NULL,2,43,162,162,61
NULL,2,43,162,162,61
